"bin","num_orders","avg_usd_price","sum_usd_volume","rush_orders","event"
2020-01-08 19:40:52,4,2.2655e-05,0.0033374,0,FALSE
2020-01-08 20:40:56,30,2.277e-05,0.17366979,22,FALSE
2020-01-08 21:41:00,2,2.291e-05,0.00559004,2,FALSE
2020-01-08 22:41:04,18,2.28299999999999e-05,0.0738377899999998,12,FALSE
2020-01-08 23:41:08,2,2.269e-05,0.00040788,0,FALSE
2020-01-09 00:41:12,6,2.276e-05,0.00437143,2,FALSE
2020-01-09 01:41:16,5,2.274e-05,0.00987648,0,FALSE
2020-01-09 02:41:20,12,2.282e-05,0.03607885,9,FALSE
2020-01-09 03:41:24,19,2.279e-05,0.0927369299999997,4,FALSE
2020-01-09 04:41:28,14,2.2805e-05,0.0386047799999998,4,FALSE
2020-01-09 05:41:32,0,2.2805e-05,0,0,FALSE
2020-01-09 06:41:36,4,2.2855e-05,0.03377803,3,FALSE
2020-01-09 07:41:40,5,2.293e-05,0.0545607,2,FALSE
2020-01-09 08:41:44,9,2.302e-05,0.0471671499999998,8,FALSE
2020-01-09 09:41:48,2,2.311e-05,0.00124794,0,FALSE
2020-01-09 10:41:52,11,2.318e-05,0.14619676,9,FALSE
2020-01-09 11:41:56,0,2.318e-05,0,0,FALSE
2020-01-09 12:42:00,1,2.323e-05,0.00150995,0,FALSE
2020-01-09 13:42:04,0,2.323e-05,0,0,FALSE
2020-01-09 14:42:08,10,2.326e-05,0.12060274,9,FALSE
2020-01-09 15:42:12,12,2.3365e-05,0.22754686,4,FALSE
2020-01-09 16:42:16,11,2.322e-05,0.22697224,9,FALSE
2020-01-09 17:42:20,18,2.3235e-05,0.175166,9,FALSE
2020-01-09 18:42:24,9,2.315e-05,0.0160233199999999,3,FALSE
2020-01-09 19:42:28,5,2.291e-05,0.0049229399999998,4,FALSE
2020-01-09 20:42:32,24,2.273e-05,0.0512281499999995,11,FALSE
2020-01-09 21:42:36,1,2.282e-05,0.0026243,0,FALSE
2020-01-09 22:42:40,2,2.2865e-05,0.001256,2,FALSE
2020-01-09 23:42:44,25,2.319e-05,0.21676723,21,FALSE
2020-01-10 00:42:48,2,2.326e-05,0.09569164,2,FALSE
2020-01-10 01:42:52,1,2.305e-05,0.00011525,0,FALSE
2020-01-10 02:42:56,40,2.336e-05,0.16277047,23,FALSE
2020-01-10 03:43:00,2,2.339e-05,0.01001092,2,FALSE
2020-01-10 04:43:04,0,2.339e-05,0,0,FALSE
2020-01-10 05:43:08,5,2.334e-05,0.01930203,4,FALSE
2020-01-10 06:43:12,0,2.334e-05,0,0,FALSE
2020-01-10 07:43:16,2,2.334e-05,0.00196056,0,FALSE
2020-01-10 08:43:20,11,2.313e-05,0.10038419,2,FALSE
2020-01-10 09:43:24,2,2.3235e-05,0.00018574,2,FALSE
2020-01-10 10:43:28,0,2.3235e-05,0,0,FALSE
2020-01-10 11:43:32,12,2.321e-05,0.0523765699999999,10,FALSE
2020-01-10 12:43:36,5,2.331e-05,0.0062420199999999,2,FALSE
2020-01-10 13:43:40,2,2.3315e-05,0.00030308,0,FALSE
2020-01-10 14:43:44,5,2.317e-05,0.10857717,2,FALSE
2020-01-10 15:43:48,6,2.304e-05,0.00490935,4,FALSE
2020-01-10 16:43:52,39,2.254e-05,0.0911867499999999,13,FALSE
2020-01-10 17:43:56,10,2.272e-05,0.0101989399999999,2,FALSE
2020-01-10 18:44:00,25,2.245e-05,0.0872212799999992,7,FALSE
2020-01-10 19:44:04,11,2.233e-05,0.06204312,2,FALSE
2020-01-10 20:44:08,13,2.229e-05,0.20929221,5,FALSE
2020-01-10 21:44:12,6,2.239e-05,0.11723482,5,FALSE
2020-01-10 22:44:16,19,2.23799999999996e-05,0.15152118,4,FALSE
2020-01-10 23:44:20,0,2.23799999999996e-05,0,0,FALSE
2020-01-11 00:44:24,6,2.2325e-05,0.0060152199999999,2,FALSE
2020-01-11 01:44:28,2,2.22499999999999e-05,0.0305714999999998,2,FALSE
2020-01-11 02:44:32,2,2.235e-05,0.0191763,2,FALSE
2020-01-11 03:44:36,5,2.23799999999997e-05,0.0124070799999999,2,FALSE
2020-01-11 04:44:40,12,2.26349999999955e-05,0.0844227599999999,11,FALSE
2020-01-11 05:44:44,4,2.27e-05,0.00036296,4,FALSE
2020-01-11 06:44:48,3,2.26099999999917e-05,0.0011563499999998,2,FALSE
2020-01-11 07:44:52,0,2.26099999999917e-05,0,0,FALSE
2020-01-11 08:44:56,39,2.279e-05,0.13141813,16,FALSE
2020-01-11 09:45:00,21,2.286e-05,0.0464435099999997,10,FALSE
2020-01-11 10:45:04,22,2.2995e-05,0.13993938,21,FALSE
2020-01-11 11:45:08,1,2.29699999999997e-05,0.0072585199999999,0,FALSE
2020-01-11 12:45:12,25,2.295e-05,0.0459188399999998,10,FALSE
2020-01-11 13:45:16,2,2.3125e-05,0.02041501,0,FALSE
2020-01-11 14:45:20,1,2.31599999999997e-05,0.0072259199999999,0,FALSE
2020-01-11 15:45:24,0,2.31599999999997e-05,0,0,FALSE
2020-01-11 16:45:28,9,2.281e-05,0.0832904199999996,4,FALSE
2020-01-11 17:45:32,19,2.275e-05,0.03862733,2,FALSE
2020-01-11 18:45:36,22,2.2885e-05,0.33427859,9,FALSE
2020-01-11 19:45:40,4,2.303e-05,0.0271508,4,FALSE
2020-01-11 20:45:44,6,2.27749999999992e-05,0.0038479699999998,2,FALSE
2020-01-11 21:45:48,7,2.27599999999833e-05,0.12314111,4,FALSE
2020-01-11 22:45:52,2,2.254e-05,0.00543214,0,FALSE
2020-01-11 23:45:56,1,2.265e-05,0.00989805,0,FALSE
2020-01-12 00:46:00,3,2.26299999999947e-05,0.0129478099999998,2,FALSE
2020-01-12 01:46:04,3,2.25e-05,0.0029025,2,FALSE
2020-01-12 02:46:08,13,2.246e-05,0.0675170699999999,3,FALSE
2020-01-12 03:46:12,2,2.255e-05,0.0004059,0,FALSE
2020-01-12 04:46:16,12,2.25949999999997e-05,0.1106677,7,FALSE
2020-01-12 05:46:20,18,2.2675e-05,0.21098544,14,FALSE
2020-01-12 06:46:24,5,2.249e-05,0.0148796799999999,0,FALSE
2020-01-12 07:46:28,6,2.265e-05,0.0239003799999998,6,FALSE
2020-01-12 08:46:32,5,2.265e-05,0.01211492,2,FALSE
2020-01-12 09:46:36,15,2.273e-05,0.0852160699999998,11,FALSE
2020-01-12 10:46:40,81,2.322e-05,0.932482529999999,37,FALSE
2020-01-12 11:46:44,31,2.32e-05,0.14235803,13,FALSE
2020-01-12 12:46:48,48,2.318e-05,0.28251866,16,FALSE
2020-01-12 13:46:52,46,2.3245e-05,0.266859409999999,25,FALSE
2020-01-12 14:46:56,79,2.273e-05,0.406028579999999,18,FALSE
2020-01-12 15:47:00,16,2.26799999999975e-05,0.0957213099999999,3,FALSE
2020-01-12 16:47:04,38,2.294e-05,0.384397439999999,25,FALSE
2020-01-12 17:47:08,24,2.296e-05,0.21053548,16,FALSE
2020-01-12 18:47:12,14,2.3025e-05,0.31449666,4,FALSE
2020-01-12 19:47:16,12,2.29949999999991e-05,0.0777786299999999,12,FALSE
2020-01-12 20:47:20,40,2.304e-05,0.32851942,22,FALSE
2020-01-12 21:47:24,39,2.275e-05,0.21927618,11,FALSE
2020-01-12 22:47:28,179,2.351e-05,2.77053762,97,FALSE
2020-01-12 23:47:32,55,2.366e-05,0.16248013,10,FALSE
2020-01-13 00:47:36,41,2.327e-05,0.12918191,7,FALSE
2020-01-13 01:47:40,21,2.29699999999978e-05,0.033908399999999,0,FALSE
2020-01-13 02:47:44,0,2.29699999999978e-05,0,0,FALSE
2020-01-13 03:47:48,4,2.303e-05,0.00087566,2,FALSE
2020-01-13 04:47:52,14,2.307e-05,0.0457772199999998,4,FALSE
2020-01-13 05:47:56,7,2.313e-05,0.0926656799999999,4,FALSE
2020-01-13 06:48:00,4,2.31549999999999e-05,0.10420096,2,FALSE
2020-01-13 07:48:04,39,2.304e-05,0.157745979999999,9,FALSE
2020-01-13 08:48:08,8,2.3095e-05,0.0189073599999999,5,FALSE
2020-01-13 09:48:12,5,2.311999999998e-05,0.0090080399999997,2,FALSE
2020-01-13 10:48:16,5,2.29099999999857e-05,0.0106020499999999,2,FALSE
2020-01-13 11:48:20,12,2.3025e-05,0.40835337,8,FALSE
2020-01-13 12:48:24,21,2.287e-05,0.18679785,4,FALSE
2020-01-13 13:48:28,12,2.307e-05,0.18642381,9,FALSE
2020-01-13 14:48:32,7,2.294e-05,0.01009794,2,FALSE
2020-01-13 15:48:36,19,2.3e-05,0.11165088,10,FALSE
2020-01-13 16:48:40,7,2.274e-05,0.0295760499999999,0,FALSE
2020-01-13 17:48:44,5,2.287e-05,0.0143400499999999,4,FALSE
2020-01-13 18:48:48,3,2.274e-05,0.00116343,2,FALSE
2020-01-13 19:48:52,4,2.27349999999999e-05,0.0516772499999999,0,FALSE
2020-01-13 20:48:56,44,2.263e-05,0.158740279999999,4,FALSE
2020-01-13 21:49:00,17,2.258e-05,0.0838727999999998,12,FALSE
2020-01-13 22:49:04,0,2.258e-05,0,0,FALSE
2020-01-13 23:49:08,12,2.2575e-05,0.0610644299999998,7,FALSE
2020-01-14 00:49:12,20,2.218e-05,0.10765869,8,FALSE
2020-01-14 01:49:16,31,2.196e-05,0.19820996,12,FALSE
2020-01-14 02:49:20,41,2.182e-05,0.157752919999999,19,FALSE
2020-01-14 03:49:24,15,2.193e-05,0.0297749999999997,4,FALSE
2020-01-14 04:49:28,234,2.0965e-05,2.42317149,84,FALSE
2020-01-14 05:49:32,24,2.10099999999998e-05,0.10081238,10,FALSE
2020-01-14 06:49:36,31,2.114e-05,0.47565516,13,FALSE
2020-01-14 07:49:40,23,2.107e-05,0.18086903,2,FALSE
2020-01-14 08:49:44,10,2.0895e-05,0.06160136,2,FALSE
2020-01-14 09:49:48,41,2.118e-05,0.472976929999999,29,FALSE
2020-01-14 10:49:52,13,2.106e-05,0.06909987,2,FALSE
2020-01-14 11:49:56,8,2.09399999999993e-05,0.0301735999999998,2,FALSE
2020-01-14 12:50:00,23,2.095e-05,0.11480666,8,FALSE
2020-01-14 13:50:04,6,2.095e-05,0.0172722999999999,4,FALSE
2020-01-14 14:50:08,56,2.076e-05,0.77387362,18,FALSE
2020-01-14 15:50:12,36,2.08699999999978e-05,0.24599286,24,FALSE
2020-01-14 16:50:16,11,2.088e-05,0.19177177,4,FALSE
2020-01-14 17:50:20,72,2.118e-05,0.62855679,17,FALSE
2020-01-14 18:50:24,46,2.0705e-05,0.181579959999999,10,FALSE
2020-01-14 19:50:28,14,2.0605e-05,0.0735331699999997,9,FALSE
2020-01-14 20:50:32,14,2.057e-05,0.05360036,12,FALSE
2020-01-14 21:50:36,17,2.047e-05,0.0235570299999999,2,FALSE
2020-01-14 22:50:40,26,2.053e-05,0.31442325,14,FALSE
2020-01-14 23:50:44,2,2.0385e-05,0.0290835999999999,0,FALSE
2020-01-15 00:50:48,131,1.998e-05,0.750444309999998,42,FALSE
2020-01-15 01:50:52,40,2.01e-05,0.12903985,10,FALSE
2020-01-15 02:50:56,21,2.025e-05,0.0720037899999997,8,FALSE
2020-01-15 03:51:00,23,2.02799999999999e-05,0.20098693,2,FALSE
2020-01-15 04:51:04,15,2.036e-05,0.0498790899999998,2,FALSE
2020-01-15 05:51:08,10,2.0465e-05,0.01343895,9,FALSE
2020-01-15 06:51:12,17,2.05599999999833e-05,0.0797944299999997,14,FALSE
2020-01-15 07:51:16,51,2.053e-05,0.328392479999999,20,FALSE
2020-01-15 08:51:20,103,2.096e-05,1.01828624,61,FALSE
2020-01-15 09:51:24,35,2.099e-05,1.1876302,16,FALSE
2020-01-15 10:51:28,38,2.0824999999999e-05,0.490663639999999,10,FALSE
2020-01-15 11:51:32,51,2.06199999999999e-05,0.389559719999999,22,FALSE
2020-01-15 12:51:36,26,2.0585e-05,0.26268772,13,FALSE
2020-01-15 13:51:40,15,2.08e-05,0.24423223,8,FALSE
2020-01-15 14:51:44,27,2.03399999999996e-05,0.45330745,4,FALSE
2020-01-15 15:51:48,19,2.019e-05,0.32198466,2,FALSE
2020-01-15 16:51:52,19,2.045e-05,0.16264959,5,FALSE
2020-01-15 17:51:56,18,2.04849999999997e-05,0.13565303,10,FALSE
2020-01-15 18:52:00,29,2.02599999999978e-05,0.0752072899999995,6,FALSE
2020-01-15 19:52:04,11,2.036e-05,0.05603821,2,FALSE
2020-01-15 20:52:08,30,2.0395e-05,0.14561394,12,FALSE
2020-01-15 21:52:12,40,2.0145e-05,1.19421683,19,FALSE
2020-01-15 22:52:16,24,2.019e-05,0.15373338,14,FALSE
2020-01-15 23:52:20,21,2.016e-05,0.33219235,13,FALSE
2020-01-16 00:52:24,8,2.0245e-05,0.030987,2,FALSE
2020-01-16 01:52:28,29,2.059e-05,0.47276482,23,FALSE
2020-01-16 02:52:32,1,2.063e-05,0.00010315,0,FALSE
2020-01-16 03:52:36,4,2.06399999999996e-05,0.0172946999999999,2,FALSE
2020-01-16 04:52:40,18,2.0245e-05,0.0484174399999996,10,FALSE
2020-01-16 05:52:44,12,2.013e-05,0.0770160799999998,8,FALSE
2020-01-16 06:52:48,43,2.021e-05,0.20376619,15,FALSE
2020-01-16 07:52:52,12,2.031e-05,0.12483868,4,FALSE
2020-01-16 08:52:56,3,2.029e-05,0.04084377,0,FALSE
2020-01-16 09:53:00,25,2.035e-05,0.13043597,6,FALSE
2020-01-16 10:53:04,25,2.034e-05,0.0821394199999996,2,FALSE
2020-01-16 11:53:08,9,2.038e-05,0.10196939,7,FALSE
2020-01-16 12:53:12,6,2.02e-05,0.0408546199999999,0,FALSE
2020-01-16 13:53:16,6,2.035e-05,0.0620806,2,FALSE
2020-01-16 14:53:20,7,2.026e-05,0.02138277,4,FALSE
2020-01-16 15:53:24,32,2.041e-05,0.467359469999999,23,FALSE
2020-01-16 16:53:28,5,2.03499999999833e-05,0.0101772399999998,0,FALSE
2020-01-16 17:53:32,15,2.044999999998e-05,0.0403067999999997,7,FALSE
2020-01-16 18:53:36,7,2.049e-05,0.0534466699999999,6,FALSE
2020-01-16 19:53:40,52,2.06149999999997e-05,0.213579309999999,32,FALSE
2020-01-16 20:53:44,19,2.037e-05,0.04582221,4,FALSE
2020-01-16 21:53:48,3,2.044e-05,0.00351127,0,FALSE
2020-01-16 22:53:52,9,2.05e-05,0.15732033,9,FALSE
2020-01-16 23:53:56,11,2.063e-05,0.04001027,11,FALSE
2020-01-17 00:54:00,19,2.04e-05,0.02178206,0,FALSE
2020-01-17 01:54:04,51,2.02e-05,0.166979619999999,9,FALSE
2020-01-17 02:54:08,29,2.02e-05,0.43351076,4,FALSE
2020-01-17 03:54:12,16,2.00799999999991e-05,0.29014167,2,FALSE
2020-01-17 04:54:16,4,2.006e-05,0.04452238,0,FALSE
2020-01-17 05:54:20,8,2.01199999999974e-05,0.0107356099999997,0,FALSE
2020-01-17 06:54:24,86,1.94e-05,0.363111049999999,31,FALSE
2020-01-17 07:54:28,61,1.937e-05,0.239720269999999,12,FALSE
2020-01-17 08:54:32,29,1.95e-05,0.25198557,13,FALSE
2020-01-17 09:54:36,15,1.966e-05,0.0887878199999999,11,FALSE
2020-01-17 10:54:40,26,1.937e-05,0.18558098,8,FALSE
2020-01-17 11:54:44,18,1.93499999999995e-05,0.15574796,7,FALSE
2020-01-17 12:54:48,19,1.934e-05,0.34084619,12,FALSE
2020-01-17 13:54:52,18,1.9335e-05,0.14751537,5,FALSE
2020-01-17 14:54:56,9,1.938e-05,0.0706771799999999,4,FALSE
2020-01-17 15:55:00,32,1.94049999999917e-05,0.174084299999999,4,FALSE
2020-01-17 16:55:04,57,1.948e-05,0.929922609999999,43,FALSE
2020-01-17 17:55:08,22,1.959e-05,0.17534623,11,FALSE
2020-01-17 18:55:12,17,1.968e-05,0.13921773,6,FALSE
2020-01-17 19:55:16,21,1.966e-05,0.294553,9,FALSE
2020-01-17 20:55:20,8,1.957e-05,0.16954403,2,FALSE
2020-01-17 21:55:24,31,1.979e-05,0.14544491,17,FALSE
2020-01-17 22:55:28,23,1.979e-05,0.23352361,12,FALSE
2020-01-17 23:55:32,106,1.96e-05,2.07466555,24,FALSE
2020-01-18 00:55:36,14,1.98e-05,0.33626723,4,FALSE
2020-01-18 01:55:40,3,1.95399999999988e-05,0.0034788999999998,2,FALSE
2020-01-18 02:55:44,0,1.95399999999988e-05,0,0,FALSE
2020-01-18 03:55:48,14,1.9619999999998e-05,0.0926642399999995,4,FALSE
2020-01-18 04:55:52,102,1.981e-05,1.30557489,60,FALSE
2020-01-18 05:55:56,9,1.998e-05,0.0924673799999998,2,FALSE
2020-01-18 06:56:00,5,1.997e-05,0.0074588899999999,2,FALSE
2020-01-18 07:56:04,12,1.997e-05,0.03134212,2,FALSE
2020-01-18 08:56:08,10,1.991e-05,0.05359772,0,FALSE
2020-01-18 09:56:12,12,2e-05,0.04012538,4,FALSE
2020-01-18 10:56:16,344,2.071e-05,4.19081115,213,FALSE
2020-01-18 11:56:20,34,2.0465e-05,0.11906455,28,FALSE
2020-01-18 12:56:24,75,2.084e-05,0.883715499999999,45,FALSE
2020-01-18 13:56:28,52,2.079e-05,0.266280079999999,16,FALSE
2020-01-18 14:56:32,24,2.071e-05,0.22969878,10,FALSE
2020-01-18 15:56:36,36,2.08249999999917e-05,0.31417626,13,FALSE
2020-01-18 16:56:40,47,2.036e-05,0.404350179999999,10,FALSE
2020-01-18 17:56:44,18,2.045e-05,0.14804372,7,FALSE
2020-01-18 18:56:48,5,2.02999999999999e-05,0.0497001599999999,0,FALSE
2020-01-18 19:56:52,15,2.044e-05,0.10795695,6,FALSE
2020-01-18 20:56:56,43,2.055e-05,0.36088095,26,FALSE
2020-01-18 21:57:00,11,2.07499999999986e-05,0.0764068699999996,4,FALSE
2020-01-18 22:57:04,5,2.054e-05,0.0072207799999999,0,FALSE
2020-01-18 23:57:08,10,2.05949999999986e-05,0.0504470399999999,6,FALSE
2020-01-19 00:57:12,3,2.058e-05,0.05491232,0,FALSE
2020-01-19 01:57:16,52,2.001e-05,0.42059284,5,FALSE
2020-01-19 02:57:20,8,1.983e-05,0.25604225,2,FALSE
2020-01-19 03:57:24,3,1.99799999999857e-05,0.0003988199999998,2,FALSE
2020-01-19 04:57:28,174,1.933e-05,1.75193322,84,FALSE
2020-01-19 05:57:32,51,1.94499999999999e-05,0.322486319999998,13,FALSE
2020-01-19 06:57:36,31,1.938e-05,0.248930619999999,11,FALSE
2020-01-19 07:57:40,73,1.931e-05,0.449584869999999,12,FALSE
2020-01-19 08:57:44,17,1.953e-05,0.11515342,10,FALSE
2020-01-19 09:57:48,7,1.94499999999917e-05,0.0251573299999996,2,FALSE
2020-01-19 10:57:52,55,1.918e-05,0.57191482,25,FALSE
2020-01-19 11:57:56,57,1.916e-05,0.149767369999999,15,FALSE
2020-01-19 12:58:00,67,1.918e-05,0.890027389999999,13,FALSE
2020-01-19 13:58:04,26,1.93e-05,0.18188041,13,FALSE
2020-01-19 14:58:08,21,1.94e-05,0.39274893,9,FALSE
2020-01-19 15:58:12,19,1.95e-05,0.22700062,7,FALSE
2020-01-19 16:58:16,14,1.95949999999994e-05,0.0548665599999995,8,FALSE
2020-01-19 17:58:20,9,1.956e-05,0.07939284,2,FALSE
2020-01-19 18:58:24,1,1.953e-05,0.0001953,0,FALSE
2020-01-19 19:58:28,5,1.945e-05,0.0404611599999999,2,FALSE
2020-01-19 20:58:32,18,1.95699999999999e-05,0.24378814,9,FALSE
2020-01-19 21:58:36,6,1.941e-05,0.01335193,2,FALSE
2020-01-19 22:58:40,9,1.945e-05,0.0143773899999999,6,FALSE
2020-01-19 23:58:44,0,1.945e-05,0,0,FALSE
2020-01-20 00:58:48,7,1.959e-05,0.0587556199999999,5,FALSE
2020-01-20 01:58:52,3,1.963e-05,0.08965957,2,FALSE
2020-01-20 02:58:56,1,1.963e-05,0.00021593,0,FALSE
2020-01-20 03:59:00,0,1.963e-05,0,0,FALSE
2020-01-20 04:59:04,9,1.944e-05,0.03299111,2,FALSE
2020-01-20 05:59:08,13,1.955e-05,0.0799242299999999,8,FALSE
2020-01-20 06:59:12,8,1.941e-05,0.0466822799999998,0,FALSE
2020-01-20 07:59:16,4,1.957e-05,0.00575358,2,FALSE
2020-01-20 08:59:20,8,1.9535e-05,0.0136501199999998,2,FALSE
2020-01-20 09:59:24,2,1.959e-05,0.01453578,2,FALSE
2020-01-20 10:59:28,7,1.952e-05,0.0253315299999999,5,FALSE
2020-01-20 11:59:32,2,1.955e-05,0.0002346,2,FALSE
2020-01-20 12:59:36,3,1.943e-05,0.0245983799999999,0,FALSE
2020-01-20 13:59:40,21,1.94499999999997e-05,0.0523550399999997,9,FALSE
2020-01-20 14:59:44,42,1.9675e-05,0.64924459,33,FALSE
2020-01-20 15:59:48,8,1.97e-05,0.07492765,4,FALSE
2020-01-20 16:59:52,13,1.964e-05,0.0442750299999999,10,FALSE
2020-01-20 17:59:56,7,1.959e-05,0.0967578799999999,0,FALSE
2020-01-20 19:00:00,24,1.99299999999999e-05,0.682147,23,FALSE
2020-01-20 20:00:04,974,2.061e-05,9.90358196999999,511,TRUE
2020-01-20 21:00:08,61,1.978e-05,0.34128188,13,FALSE
2020-01-20 22:00:12,97,2.011e-05,0.948482629999999,58,FALSE
2020-01-20 23:00:16,44,1.97899999999987e-05,0.470214299999999,13,FALSE
2020-01-21 00:00:20,13,1.994e-05,0.03726492,4,FALSE
2020-01-21 01:00:24,30,1.981e-05,0.0820244299999995,11,FALSE
2020-01-21 02:00:28,65,1.987e-05,0.28995735,11,FALSE
2020-01-21 03:00:32,10,1.97899999999998e-05,0.13641343,4,FALSE
2020-01-21 04:00:36,6,1.97449999999955e-05,0.0246467999999998,2,FALSE
2020-01-21 05:00:40,9,1.97e-05,0.01128792,4,FALSE
2020-01-21 06:00:44,25,1.987e-05,0.536242909999999,16,FALSE
2020-01-21 07:00:48,2,1.984e-05,0.02972032,0,FALSE
2020-01-21 08:00:52,7,1.98e-05,0.0386088499999999,2,FALSE
2020-01-21 09:00:56,22,1.9835e-05,0.24584818,11,FALSE
2020-01-21 10:01:00,14,1.99849999999964e-05,0.0077109399999999,6,FALSE
2020-01-21 11:01:04,55,2.008e-05,0.200465899999999,28,FALSE
2020-01-21 12:01:08,44,2.02e-05,0.368449919999999,9,FALSE
2020-01-21 13:01:12,41,2.03199999999999e-05,0.18600352,23,FALSE
2020-01-21 14:01:16,21,2.013e-05,0.10355571,16,FALSE
2020-01-21 15:01:20,30,1.976e-05,0.129059629999999,2,FALSE
2020-01-21 16:01:24,10,1.98349999999967e-05,0.0374049499999996,6,FALSE
2020-01-21 17:01:28,18,1.99e-05,0.11237713,7,FALSE
2020-01-21 18:01:32,9,1.97499999999983e-05,0.0337067099999999,2,FALSE
2020-01-21 19:01:36,22,1.994e-05,0.34452173,17,FALSE
2020-01-21 20:01:40,62,1.96399999999996e-05,0.738629429999999,24,FALSE
2020-01-21 21:01:44,162,1.996e-05,1.82525154,97,FALSE
2020-01-21 22:01:48,87,2.004e-05,0.475092949999999,27,FALSE
2020-01-21 23:01:52,29,1.966e-05,0.12410608,6,FALSE
2020-01-22 00:01:56,21,1.975e-05,0.19614504,17,FALSE
2020-01-22 01:02:00,24,1.985e-05,0.0553407899999996,4,FALSE
2020-01-22 02:02:04,3,1.983e-05,0.001983,0,FALSE
2020-01-22 03:02:08,5,1.98e-05,0.00765772,3,FALSE
2020-01-22 04:02:12,8,1.972e-05,0.00149788,4,FALSE
2020-01-22 05:02:16,4,1.9735e-05,0.0067119199999998,2,FALSE
2020-01-22 06:02:20,15,1.976e-05,0.06581362,8,FALSE
2020-01-22 07:02:24,4,1.987e-05,0.00753583,4,FALSE
2020-01-22 08:02:28,19,1.984e-05,0.0455655999999996,2,FALSE
2020-01-22 09:02:32,6,1.972e-05,0.023809,4,FALSE
2020-01-22 10:02:36,8,1.972e-05,0.0273745199999999,4,FALSE
2020-01-22 11:02:40,7,1.974e-05,0.0649346499999999,2,FALSE
2020-01-22 12:02:44,7,1.977e-05,0.10726778,0,FALSE
2020-01-22 13:02:48,3,1.972e-05,0.0008286599999999,2,FALSE
2020-01-22 14:02:52,7,1.976e-05,0.0142493499999998,3,FALSE
2020-01-22 15:02:56,7,1.988e-05,0.0086149999999999,0,FALSE
2020-01-22 16:03:00,101,2.016999999998e-05,1.40263897,54,FALSE
2020-01-22 17:03:04,34,2.04849999999944e-05,0.644006669999999,20,FALSE
2020-01-22 18:03:08,12,2.0455e-05,0.04272235,0,FALSE
2020-01-22 19:03:12,19,2.016e-05,0.34293584,4,FALSE
2020-01-22 20:03:16,7,2.01299999999997e-05,0.0534200699999996,5,FALSE
2020-01-22 21:03:20,3,2.01499999999991e-05,0.0553922799999999,2,FALSE
2020-01-22 22:03:24,0,2.01499999999991e-05,0,0,FALSE
2020-01-22 23:03:28,5,2.011e-05,0.02540259,2,FALSE
2020-01-23 00:03:32,6,2.002e-05,0.0100329399999998,4,FALSE
2020-01-23 01:03:36,1,1.994e-05,0.00731798,0,FALSE
2020-01-23 02:03:40,2,2.007e-05,0.00504772,0,FALSE
2020-01-23 03:03:44,16,1.9925e-05,0.0893162799999999,4,FALSE
2020-01-23 04:03:48,0,1.9925e-05,0,0,FALSE
2020-01-23 05:03:52,2,2.008e-05,0.00064256,2,FALSE
2020-01-23 06:03:56,13,1.991e-05,0.26231289,4,FALSE
2020-01-23 07:04:00,7,2.013e-05,0.0562792599999999,5,FALSE
2020-01-23 08:04:04,8,2e-05,0.01089068,6,FALSE
2020-01-23 09:04:08,14,1.984e-05,0.0430741099999996,2,FALSE
2020-01-23 10:04:12,14,2.001e-05,0.17579156,9,FALSE
2020-01-23 11:04:16,25,2.004e-05,0.0805023099999998,10,FALSE
2020-01-23 12:04:20,19,2.01799999999857e-05,0.15297673,11,FALSE
2020-01-23 13:04:24,47,2.027e-05,0.756099529999999,30,FALSE
2020-01-23 14:04:28,19,2.056e-05,0.10132347,6,FALSE
2020-01-23 15:04:32,8,2.0435e-05,0.05268489,6,FALSE
2020-01-23 16:04:36,13,2.042e-05,0.0475317299999997,8,FALSE
2020-01-23 17:04:40,12,2.029e-05,0.033705,0,FALSE
2020-01-23 18:04:44,39,2.067e-05,0.342888989999999,37,FALSE
2020-01-23 19:04:48,236,2.124e-05,1.92312778,123,FALSE
2020-01-23 20:04:52,84,2.079e-05,0.391202459999999,30,FALSE
2020-01-23 21:04:56,25,2.084e-05,0.12511314,13,FALSE
2020-01-23 22:05:00,4,2.069999999999e-05,0.0002895599999998,2,FALSE
2020-01-23 23:05:04,28,2.054e-05,0.0832487099999999,9,FALSE
2020-01-24 00:05:08,28,2.07849999999992e-05,0.161289579999999,11,FALSE
2020-01-24 01:05:12,28,2.08449999999999e-05,0.25105499,24,FALSE
2020-01-24 02:05:16,29,2.09799999999958e-05,0.141625279999999,17,FALSE
2020-01-24 03:05:20,35,2.074e-05,0.18862399,10,FALSE
2020-01-24 04:05:24,98,2.006e-05,0.385665419999999,39,FALSE
2020-01-24 05:05:28,28,2.0305e-05,0.11288644,8,FALSE
2020-01-24 06:05:32,12,2.0175e-05,0.12781133,3,FALSE
2020-01-24 07:05:36,7,2.02e-05,0.0954449999999999,2,FALSE
2020-01-24 08:05:40,7,2.02e-05,0.00500329,2,FALSE
2020-01-24 09:05:44,12,2.028e-05,0.0906830499999998,8,FALSE
2020-01-24 10:05:48,5,2.018e-05,0.0129389599999998,0,FALSE
2020-01-24 11:05:52,13,2.008e-05,0.0184777399999999,6,FALSE
2020-01-24 12:05:56,15,2.0109999999996e-05,0.0134774199999996,2,FALSE
2020-01-24 13:06:00,4,2.0025e-05,0.0046511999999999,2,FALSE
2020-01-24 14:06:04,19,2.021e-05,0.30526398,12,FALSE
2020-01-24 15:06:08,6,2.035e-05,0.0058608,2,FALSE
2020-01-24 16:06:12,18,2.011e-05,0.11336399,10,FALSE
2020-01-24 17:06:16,6,2.02e-05,0.01631772,0,FALSE
2020-01-24 18:06:20,4,2.0165e-05,0.00064538,4,FALSE
2020-01-24 19:06:24,8,2.014e-05,0.0258378799999999,4,FALSE
2020-01-24 20:06:28,6,2.02e-05,0.09602844,2,FALSE
2020-01-24 21:06:32,5,2.034e-05,0.0409380399999999,0,FALSE
2020-01-24 22:06:36,2,2.037e-05,0.0213885,2,FALSE
2020-01-24 23:06:40,0,2.037e-05,0,0,FALSE
2020-01-25 00:06:44,10,2.038e-05,0.02238637,2,FALSE
2020-01-25 01:06:48,1,2.021e-05,0.00501208,0,FALSE
2020-01-25 02:06:52,1,2.017e-05,0.00014119,0,FALSE
2020-01-25 03:06:56,5,2.016e-05,0.0086479699999997,2,FALSE
2020-01-25 04:07:00,2,2.017e-05,0.0213802,2,FALSE
2020-01-25 05:07:04,9,2.025e-05,0.02300007,2,FALSE
2020-01-25 06:07:08,9,2.029e-05,0.0150000099999999,2,FALSE
2020-01-25 07:07:12,18,2e-05,0.20471036,2,FALSE
2020-01-25 08:07:16,4,1.996e-05,0.0383231999999999,2,FALSE
2020-01-25 09:07:20,16,2.003e-05,0.17545778,8,FALSE
2020-01-25 10:07:24,15,2.005e-05,0.3223639,4,FALSE
2020-01-25 11:07:28,7,2.005e-05,0.0809302699999998,2,FALSE
2020-01-25 12:07:32,3,2.01299999999983e-05,0.0017105599999999,0,FALSE
2020-01-25 13:07:36,4,2e-05,0.0030582,2,FALSE
2020-01-25 14:07:40,14,2.0095e-05,0.0789581,11,FALSE
2020-01-25 15:07:44,2,2.016e-05,0.11751264,0,FALSE
2020-01-25 16:07:48,8,2.014e-05,0.0931160299999999,2,FALSE
2020-01-25 17:07:52,9,2.014e-05,0.06458488,0,FALSE
2020-01-25 18:07:56,7,2.003e-05,0.00724023,4,FALSE
2020-01-25 19:08:00,7,2.01499999999996e-05,0.0140659599999998,4,FALSE
2020-01-25 20:08:04,12,2.003e-05,0.0325303799999999,6,FALSE
2020-01-25 21:08:08,21,2.003e-05,0.48797954,12,FALSE
2020-01-25 22:08:12,21,2.003e-05,0.35900814,13,FALSE
2020-01-25 23:08:16,9,2.006e-05,0.0422261799999999,4,FALSE
2020-01-26 00:08:20,7,1.991e-05,0.01033495,2,FALSE
2020-01-26 01:08:24,96,1.969e-05,1.43206319,51,FALSE
2020-01-26 02:08:28,26,1.985e-05,0.27145386,19,FALSE
2020-01-26 03:08:32,7,1.977e-05,0.0081943599999998,6,FALSE
2020-01-26 04:08:36,11,1.98099999999987e-05,0.0767956299999997,4,FALSE
2020-01-26 05:08:40,0,1.98099999999987e-05,0,0,FALSE
2020-01-26 06:08:44,9,1.98e-05,0.02927464,4,FALSE
2020-01-26 07:08:48,5,1.978e-05,0.01047911,2,FALSE
2020-01-26 08:08:52,11,1.97499999999997e-05,0.0674248799999997,4,FALSE
2020-01-26 09:08:56,9,1.974e-05,0.13494374,0,FALSE
2020-01-26 10:09:00,15,1.98599999999833e-05,0.146773459999999,4,FALSE
2020-01-26 11:09:04,4,1.98649999999917e-05,0.0207817099999999,2,FALSE
2020-01-26 12:09:08,13,1.973e-05,0.0214179399999998,4,FALSE
2020-01-26 13:09:12,16,1.9865e-05,0.35210477,10,FALSE
2020-01-26 14:09:16,3,1.985e-05,0.02684739,0,FALSE
2020-01-26 15:09:20,67,2.001e-05,1.44039149,27,FALSE
2020-01-26 16:09:24,3,1.995e-05,0.00524685,2,FALSE
2020-01-26 17:09:28,9,2.002e-05,0.03990956,4,FALSE
2020-01-26 18:09:32,24,1.994e-05,0.11365693,8,FALSE
2020-01-26 19:09:36,1,2.002e-05,0.0011011,0,FALSE
2020-01-26 20:09:40,9,1.99599999999996e-05,0.0177821199999998,4,FALSE
2020-01-26 21:09:44,36,2.01049999999996e-05,0.202703429999999,12,FALSE
2020-01-26 22:09:48,7,2.002e-05,0.00737604,4,FALSE
2020-01-26 23:09:52,6,1.997499999999e-05,0.0018635999999999,2,FALSE
2020-01-27 00:09:56,0,1.997499999999e-05,0,0,FALSE
2020-01-27 01:10:00,16,1.987e-05,0.0607216899999998,4,FALSE
2020-01-27 02:10:04,2,1.972e-05,0.01467168,0,FALSE
2020-01-27 03:10:08,5,1.965e-05,0.0214758599999999,2,FALSE
2020-01-27 04:10:12,29,1.951e-05,0.0972329199999999,8,FALSE
2020-01-27 05:10:16,6,1.9695e-05,0.01222163,2,FALSE
2020-01-27 06:10:20,10,1.954e-05,0.05302584,4,FALSE
2020-01-27 07:10:24,1,1.954e-05,0.00021494,0,FALSE
2020-01-27 08:10:28,7,1.95e-05,0.03418938,0,FALSE
2020-01-27 09:10:32,0,1.95e-05,0,0,FALSE
2020-01-27 10:10:36,3,1.933e-05,0.04560332,2,FALSE
2020-01-27 11:10:40,11,1.949e-05,0.24451973,9,FALSE
2020-01-27 12:10:44,0,1.949e-05,0,0,FALSE
2020-01-27 13:10:48,7,1.942e-05,0.0242349899999998,4,FALSE
2020-01-27 14:10:52,7,1.927e-05,0.0124617999999998,2,FALSE
2020-01-27 15:10:56,6,1.937e-05,0.0158807199999999,2,FALSE
2020-01-27 16:11:00,9,1.93899999999889e-05,0.0170994799999998,2,FALSE
2020-01-27 17:11:04,8,1.9335e-05,0.0529668099999999,2,FALSE
2020-01-27 18:11:08,4,1.933e-05,0.04289327,0,FALSE
